0 0 0 14
0 7 115 3 8 48 127 22 22 29 153 9 30 42 187 12 30 39 221 15 30 36 255 17 30 34 289 19 30 32
1 9 158 106 22 34 181 106 31 34 213 106 33 34 247 107 26 34 276 106 21 34 298 106 24 34 326 107 30 34 357 108 33 34 391 108 28 34
2 5 202 63 24 37 231 59 15 41 252 54 19 46 274 59 23 41 299 58 27 42
3 1 133 66 30 34 
4 11 61 192 35 34 97 192 28 34 125 192 32 34 158 194 34 34 194 194 38 33 233 194 33 33 267 193 30 33 298 192 32 34 331 192 34 34 367 193 36 33 404 194 34 33
5 1 144 527 28 42 
6 1 121 143 26 45
7 1 272 527 32 43
8 5 285 155 28 34 317 155 38 34 317 155 38 34 317 155 38 34 317 155 38 34
9 3 323 17 30 34 357 17 30 34 391 17 30 34
10 2 176 530 31 39 208 525 26 44
11 10 51 640 26 36 80 642 29 34 113 642 29 34 146 632 32 48 180 642 29 34 213 632 32 48 248 642 29 34 281 632 32 48 316 642 29 34 350 642 29 34
12 1 418 652 35 24
13 5 202 63 24 37 231 59 15 41 252 54 19 46 274 59 23 41 299 58 27 42
