0		0		4620		4		0
0		0		2310		4		0
0		0		1155		4		0														
0		0		577		4		0
0		0		288		0		2		9	13
288		0		288		0		6		13	14	19 	22	23	24
0		288		288		0		9		2	11	4	5	6	7	8	10	9
288		288		288		0		5		12	14	16	17	10
577		0		577		4		0
577		0		288		0		12		18	20	21	22	24	25	26	27	28	29	30	86
865		0		288		0		8		29	30	31	32	36	37	38	35
577		288		288		0		4		15	16	10	18
865		288		288		0		6		35	38	39	40	41	42
0		577		577		4		0
0		577		288		0		5		0	1	2	3	4
288		577		288		0		0
0		865		288		0		0
288		865		288		0		0
577		577		577		0		0
1155		0		1155		4		0
1155		0		577		4		0
1155		0		288		0		7		32	33	34	35	39	43	44
1443		0		288		0		2		44	45
1155		288		288		0		6		35	39	41	42	43	44
1443		288		288		0		8		42	44	45	46	47	48	49	50
1732		0		577		4		0
1732		0		288		0		0
2020		0		288		0		0
1732		288		288		0		4		47	48	55	56
2020		288		288		0		2		56	57
1155		577		577		4		0
1155		577		288		0		0
1443		577		288		0		3		50	51	52
1155		865		288		0		0
1443		865		288		0		0
1732		577		577		4		0
1732		577		288		0		4		52	53	54	59
2020		577		288		0		3		57	58	59
1732		865		288		0		0
2020		865		288		0		0
0		1155		1155		0		0
1155		1155		1155		0		0
2310		0		2310		4		0
2310		0		1155		4		0
2310		0		577		4		0
2310		0		288		0		1		65
2598		0		288		0		2		65	66
2310		288		288		0		5		57	60	61	62	65
2598		288		288		0		6		62	63	64	65	67	70
2887		0		517		4		0
2887		0		288		0		1		66
3175		0		288		0		1		66
2887		288		288		0		5		67	68	69	70	72
3175		288		288		0		4		71	72	73	74
2310		577		577		4		0
2310		577		288		0		4		57	59	61	62	
2598		577		288		0		3		59	62	63
2310		865		288		0		0
2598		865		288		0		0
2887		577		577		0		0
3465		0		1155		4		0
3465		0		577		4		0
3465		0		288		0		3		66	76	77
3753		0		288		0		2		77	79
3465		288		288		0		3		75	76	78
3753		288		288		0		4		78	79	80	81		
4042		0		577		4		0
4042		0		288		0		0
4330		0		288		0		3		82	83	85
4042		288		288		0		2		80	81
4330		288		288		0		5		80	81	82	84	85
3465		577		577		0		0
4042		517		517		0		0
2310		1155		1155		0		0
3465		1155		1155		0		0
0		2310		2310		0		0
2310		2310		2310		0		0
