131
-1 4 712 256 18
-1 51 616 52 96
-1 164 486 10 226
-1 5 598 95 17
-1 29 329 11 269
-1 75 486 92 13
-1 102 469 64 18
-1 134 453 32 15
-1 40 315 188 12
-1 229 263 49 129
-1 166 441 607 16
2 74 535 41 27
19 417 395 49 49
-1 278 263 237 18
-1 500 279 8 114
-1 580 376 48 16
-1 548 360 34 32
-1 508 312 40 80
-1 660 264 11 177
-1 517 167 32 144
-1 581 262 81 18
-1 613 232 162 31
-1 518 88 64 79
-1 517 9 33 78
-1 551 9 191 17
-1 742 9 47 63
-1 694 72 96 15
-1 742 87 49 49
-1 677 201 72 30
-1 677 183 481 18
-1 789 8 225 14
-1 1014 8 7 128
-1 1022 55 182 81
-1 1203 10 10 254
-1 1172 264 49 16
-1 1140 281 83 15
-1 1094 201 32 14
-1 1062 202 32 30
-1 1028 204 33 253
-1 1108 295 117 31
-1 1107 325 21 83
-1 1128 374 97 34
-1 1029 457 526 14
-1 1225 265 77 142
-1 1302 265 225 28
-1 1527 265 204 142
-1 1556 457 116 14
-1 1717 406 19 117
-1 1605 521 130 31
-1 1605 552 67 17
-1 1542 471 31 144
-1 1542 616 127 16
-1 1652 631 113 18
-1 1750 648 128 16
-1 1878 648 17 90
-1 1738 409 41 142
-1 1782 516 494 16
-1 2277 516 49 146
-1 2146 582 130 18
-1 1894 710 863 32
-1 2237 520 329 19
-1 2550 539 15 125
-1 2566 553 129 111
-1 2741 472 32 238
-1 2694 409 126 63
-1 2566 264 78 288
-1 2644 265 914 18
-1 2821 456 160 16
-1 2981 407 66 100
-1 3048 455 126 23
-1 2869 329 34 31
-1 3176 441 95 79
-1 2903 345 399 14
-1 3204 406 65 35
-1 3269 456 192 21
-1 3461 424 144 60
-1 3559 265 46 111
-1 3606 264 346 17
-1 3606 457 339 30  
-1 3940 282 16 94
-1 3956 349 401 27
-1 3940 424 433 33
-1 4356 263 17 113
-1 4374 263 223 18
-1 4374 442 223 19
-1 4597 263 18 195
9 582 88 40 51 -1
13 555 76 16 12
14 1155 367 10 8
-5 2904 329 398 14
19 4509 340 49 49
-3 6 263 1 513
-3 6 263 511 1
-3 517 9 1 254
-3 517 9 769 1
-3 1286 8 1 255
-3 1029 264 1 256
-3 1029 520 512 1
-3 1286 263 512 1
-3 1798 263 1 256
-3 1541 521 1 255
-3 1798 519 767 1 
-3 1541 776 1281 1
-3 2822 520 1 256
-3 2565 263 1 255
-3 2566 263 2048 1
-3 262 520 1 255
-3 262 520 512 1
-3 774 264 1 253
-3 774 264 255 1
-3 4614 263 1 256
-3 2822 520 1792 1
20 927 90 80 84
14 1221 448 10 8
2 1440 350 41 27
13 1692 620 16 12
4 2048 678 40 32
9 2327 590 40 51 -1
14 2904 448 10 8
2 3794 365 41 27
9 3606 314 40 51 -1
4 3792 423 40 32
13 4141 412 16 12
13 4241 412 16 12
9 2508 590 40 51 1
-3 5 776 257 1
9 462 334 40 51 1
9 974 67 40 51 1
4 1436 423 40 32
4 3400 424 40 32
23 431 289 22 22